000000
000007
000010
000011
000043
000049
000051
000054
000060
000068
000070
000073
000074
000085
000087
000091
000100
000103
000105
000109
000114
000119
000127
000130
000142
000144
000145
000146
000149
000150
000154
000157
000162
000164
000177
000179
000189
000193
000200
000206
000208
000209
000214
000217
000221
000228
000232
000245
000254
000264
000271
000274
000275
000277
000286
000287
000288
000292
000294
000295
000298
000303
000306
000310
000316
000317
000325
000330
000331
000337
000339
000342
000348
000364
000368
000371
000380
000384
000412
000423
000424
000435
000442
000445
000449
000460
000461
000462
000464
000465
000471
000484
000487
000490
000501
000502
000505
000514
000518
000520